[Variables]
nozzle_expansion_applied_offset = 0.036000000001780476
nozzle_expansion_coefficient = 0.03000000000148373

