[Variables]
nozzle_expansion_applied_offset = 0.019500000000964423
nozzle_expansion_coefficient = 0.03000000000148373

