[Variables]
nozzle_expansion_applied_offset = 0.039000000001928846
nozzle_expansion_coefficient = 0.03000000000148373

